function [P300] = tBCIFileNames()

%% P300 data files

%These need to be doublechecked with any notes that may exist in REDCap

P300.Names = {
    'T02',...
    'T05',...
    'T06',...
    'T07',...
    'T08',...
    'T10',...
    };

P300.CapVersion = [1,...
    1,...
    2,...
    2,...
    2,...
    2,...
    ];

P300.Session = {
    {'001','002','003','004','005','006','007','008','009','010'},...T02
    {'001','002','003','004','005','006','007','008','009','010'},...T05
    {'001','002','003','004','005','006','007','008','009','010'},...T06
    {'001','002','003','004','005','006','007','008','009','010'},...T07
    {'001','002','003','004','005','006','007','008','009'},...T08
    {'001','002','003','004','005','006','007'},...T10
    };

P300.Run = {
    {...T02
    {'01','02','03','04','05','06'},...
    {'01','02','03','04','05','06'},...
    {'01','02','03','04','05','06','07'},...
    {'01','02','03','04','05','06'},...
    {'01','02','03','04','05','06'},...
    {'01','02','03'},...
    {'01','02','03','04','05','06'}...
    {'01','02','03','04','05','06','07'},...
    {'01','02','08','09'},...
    {'01','02','03','04'}...
    },...
    {...T05
    {'02','03','04','05','06','07'},...
    {'01','02','03','04','06','07'},... For some reason, c.StateDuration does not match the StimulusCode timing for run '05'
    {'01','02','03','04'},...
    {'01','03','04','05','06'},...
    {'01','02','03','04','05'},...
    {'01','02','03','04'},...
    {'02','03','04','05','06'},...audio speller here forward
    {'02','03','04'},...
    {'01','02','03','04','05','07','08'},...    
    {'01','02','03','04','05'}...
    },...
    {...T06
    {'02','03','04','05','06','07'},...
    {'03','04','05','06','07'},...%Remove run 01 because incomplete.  Remove run 02 because there was a backspace used inappropriately
    {'02','03','04','05','06','07','08','09','10','11'},...
    {'01','03','04','05','06','07','08'},...
    {'01','02','03','04','05','06'},...
    {'01','02','03','04','05'},...
    {'02','03','04','05','06','07','08','09','10'},...
    {'01','02','03','04','05','06'},...
    {'01','02','03','04','05','06','07'},...
    {'01','02'}...
    }...
    {...T07
    {'03','04','05','06','07'},...all audio speller
    {'05','06','07','08'},...
    {'02','03','04','07','08','09'},...
    {'02','03','04','05','06','07','08','09','10'},...
    {'01','02','03','04','05','06','07','08','10','11','12','13','14'},...
    {'01','02','03','04','05','06','07'},...
    {'02','03','05','06','07','08','09','10','12'},...
    {'04','05','06','07','08','09'},...
    {'02','04','05','06','07','08','09','10','11'},...
    {'02','03','04','05','06','07','08'},...
    }...
    {...T08
    {'01','02','03','05'},...
    {'02','03','04','05','06'},...
    {'97','01','02','03','98','04','99','05','06'},... Forgot to change session number on a few, hence the weird run numbering
    {'01','02','03','04','05','06','07','08','09'},...%Couldnt even get the cap started on first try.  Had to visit home on sencond try.
    {},...%Couldnt even get the cap started.  Had to go to house and reinstall g.NeedsAccess
    {'01','02','03','04','05','06','07','08'},...
    {'01','02','03','04','05','06','07','08','09','10','11'},...
    {'01','02','03','04','05','06','07','08'},...
    {'01','02','03','04','05','06','07','08','09'},...
    }...
    {...T10
    {'02','03'},...
    {'01','02','03','04','05'},...
    {'01','02','03','04','05','06','07','08','09'},... 
    {'01','02','03','04','05'},...
    {'01','02','03'},...
    {'01','02','03','04','05','06','07','08'},...
    {'01','02','98','99','03','04','05','06','07'},...Forgot to change session number on a few, hence the weird run numbering
    }...
    };




%Not doing P300.Feedback or FreeSpell.  Can determine these in-file.

%Not doing P300.Type (Trainer, Symb, Dual, Notepad).  Probably easier to do
%once inside the file (can determine from the
%c.TargetDefinitions.NumericValue field.
 


end